Tilpassede verdier:
S0=		3.828001e+02 mm
A=		-2.716170e+01 mm
Alpha=	1.603074e-03 1/s
w=		1.065433e-02 (rad)/s
T0=		5.831662e+02 s
phi=	3.567302e-01 (rad)

Usikkerheter:
dS0=	3.998454e-01 mm
dA=		1.948118e+00 mm
dAlpha=	1.701193e-041/s
dw=		1.628966e-04 (rad)/s
dphi=	7.113627e-02 (rad)